strain;NC_036024_1_CRD53_mgp26;NC_036024_1_CRD53_mgp19;NC_036024_1_CRD53_mgp34;NC_036024_1_CRD53_mgp27;NC_036024_1_CRD53_mgp33;NC_036024_1_CRD53_mgp30;NC_036024_1_CRD53_mgp23;NC_036024_1_CRD53_mgp36;NC_036024_1_CRD53_mgp16;NC_036024_1_CRD53_mgp08;NC_036024_1_CRD53_mgp15;NC_036024_1_CRD53_mgp14;NC_036024_1_CRD53_mgp01;NC_036024_1_CRD53_mgp25;NC_036024_1_CRD53_mgp22;NC_036024_1_CRD53_mgp03;NC_036024_1_CRD53_mgp31;NC_036024_1_CRD53_mgp20;NC_036024_1_CRD53_mgp18;NC_036024_1_CRD53_mgp13;NC_036024_1_CRD53_mgp24
NC_001224;0;0;0;0;1;4;0;1;4;0;0;0;0;0;0;0;0;0;1;0;0
NC_000895;0;0;1;0;0;1;1;1;1;1;0;1;1;1;0;1;0;1;1;0;0
NC_011033;1;1;1;1;1;1;1;1;1;1;1;1;2;2;1;2;1;1;2;1;1
NC_012920;0;0;1;0;0;1;0;1;1;0;0;0;0;1;0;1;0;0;1;0;0
NC_036024;1;1;1;1;1;1;1;1;1;1;1;1;1;1;1;1;1;1;1;1;1
NC_001328;0;0;1;0;0;1;0;1;1;0;0;0;0;2;0;0;0;0;1;0;0
NC_024511;0;0;1;0;0;1;0;1;1;0;0;0;0;1;0;1;0;0;1;0;0
NC_002333;0;0;1;0;0;1;0;1;1;0;0;0;0;2;0;1;0;0;1;0;0
NC_053523;0;0;1;0;0;1;0;1;1;0;0;0;0;1;0;1;0;0;1;0;0
NC_001643;0;0;1;0;0;1;0;1;1;0;0;0;0;1;0;1;0;0;1;0;0
NC_001665;0;0;1;0;0;1;0;1;1;0;0;0;0;2;0;1;0;0;1;0;0
NC_037304;1;0;1;1;1;1;1;1;1;1;1;1;1;1;1;1;2;1;1;1;1
NC_007445;0;0;1;0;0;1;1;1;1;0;0;1;0;1;0;1;0;0;1;0;0
